100 1 100 949
1 5
1 22
1 33
1 40
1 45
1 50
1 52
1 62
1 67
1 70
1 76
1 83
1 88
1 97
2 9
2 11
2 12
2 16
2 23
2 27
2 32
2 40
2 42
2 48
2 49
2 52
2 53
2 58
2 71
2 75
2 89
2 98
3 4
3 8
3 11
3 13
3 15
3 16
3 20
3 21
3 33
3 42
3 44
3 46
3 55
3 56
3 57
3 58
3 62
3 69
3 70
3 77
3 99
4 16
4 20
4 22
4 26
4 28
4 31
4 32
4 33
4 37
4 40
4 42
4 45
4 70
4 75
4 77
4 82
4 94
4 97
4 98
5 9
5 10
5 11
5 19
5 23
5 26
5 36
5 42
5 58
5 61
5 67
5 73
5 75
5 76
5 86
5 88
5 97
6 25
6 29
6 40
6 42
6 44
6 46
6 50
6 64
6 66
6 68
6 70
6 72
6 87
6 88
6 92
6 94
6 95
7 11
7 14
7 17
7 19
7 31
7 46
7 62
7 63
7 64
7 68
7 71
7 75
7 80
7 83
7 88
7 93
7 94
7 98
7 99
8 12
8 16
8 17
8 21
8 31
8 32
8 38
8 39
8 42
8 53
8 54
8 55
8 62
8 69
8 71
8 74
8 76
8 92
8 93
9 23
9 31
9 57
9 58
9 59
9 62
9 65
9 69
9 75
9 80
9 81
9 82
9 84
9 86
9 88
9 91
10 20
10 25
10 31
10 34
10 42
10 43
10 45
10 54
10 63
10 70
10 72
10 82
10 88
10 92
10 96
11 19
11 24
11 38
11 46
11 51
11 59
11 63
11 80
11 86
11 89
11 90
12 22
12 24
12 28
12 29
12 30
12 37
12 41
12 50
12 52
12 64
12 72
12 95
13 15
13 23
13 26
13 31
13 33
13 36
13 39
13 41
13 42
13 43
13 55
13 64
13 72
13 75
13 76
13 82
13 88
13 90
13 92
14 25
14 41
14 43
14 46
14 54
14 62
14 64
14 66
14 67
14 71
14 72
14 79
14 83
14 84
14 86
14 87
14 90
14 91
14 95
15 17
15 30
15 31
15 33
15 45
15 46
15 48
15 49
15 52
15 61
15 74
15 79
15 85
15 94
15 95
15 99
16 35
16 37
16 41
16 49
16 51
16 63
16 70
16 72
16 74
16 80
16 82
16 90
16 93
16 98
17 19
17 25
17 40
17 45
17 46
17 60
17 62
17 65
17 69
17 72
17 77
17 79
17 86
17 89
17 92
17 94
17 97
17 100
18 19
18 27
18 31
18 33
18 39
18 41
18 46
18 47
18 49
18 56
18 62
18 65
18 70
18 71
18 75
18 82
18 88
18 99
19 25
19 26
19 27
19 39
19 49
19 53
19 58
19 62
19 66
19 75
19 78
19 85
20 36
20 43
20 56
20 61
20 65
20 73
20 75
20 87
20 88
20 98
21 22
21 33
21 34
21 36
21 39
21 40
21 41
21 46
21 52
21 59
21 61
21 64
21 69
21 78
21 79
21 80
21 89
21 90
21 96
21 97
22 26
22 34
22 36
22 64
22 67
22 69
22 77
22 86
23 25
23 26
23 32
23 33
23 41
23 49
23 51
23 54
23 57
23 62
23 63
23 65
23 66
23 79
23 82
23 89
23 98
23 100
24 28
24 33
24 34
24 53
24 58
24 59
24 62
24 68
24 80
24 86
24 98
24 100
25 45
25 47
25 55
25 59
25 63
25 64
25 70
25 77
25 81
25 82
25 84
25 91
25 92
25 94
25 96
26 27
26 38
26 40
26 44
26 50
26 57
26 62
26 69
26 78
26 83
26 85
26 92
26 95
27 32
27 39
27 45
27 54
27 66
27 71
27 75
27 85
27 88
27 89
27 94
27 96
27 99
28 31
28 34
28 35
28 36
28 37
28 40
28 43
28 46
28 49
28 51
28 55
28 58
28 67
28 71
28 75
28 78
29 31
29 37
29 41
29 52
29 56
29 61
29 62
29 63
29 67
29 69
29 71
29 73
29 75
29 78
29 80
29 93
29 96
29 97
30 33
30 36
30 41
30 45
30 52
30 53
30 54
30 55
30 60
30 68
30 75
30 77
30 89
30 92
31 36
31 39
31 45
31 46
31 54
31 66
31 68
31 74
31 75
31 79
31 80
31 85
31 89
31 99
32 33
32 38
32 40
32 55
32 58
32 61
32 64
32 65
32 68
32 75
32 85
32 91
33 35
33 44
33 46
33 59
33 60
33 66
33 71
33 76
33 82
33 84
33 90
33 97
34 37
34 41
34 49
34 55
34 56
34 57
34 59
34 63
34 66
34 67
34 69
34 76
34 78
34 79
34 80
34 81
34 83
34 86
34 89
34 97
34 99
35 37
35 38
35 42
35 55
35 56
35 59
35 76
35 78
35 86
35 92
35 94
36 42
36 45
36 50
36 53
36 68
36 77
36 82
36 86
36 87
36 98
37 42
37 57
37 61
37 76
37 79
37 82
37 87
37 93
37 98
38 46
38 53
38 58
38 72
38 77
38 82
38 83
38 88
38 92
39 41
39 47
39 69
39 70
39 76
39 87
39 88
39 90
39 93
40 49
40 52
40 54
40 55
40 56
40 57
40 64
40 65
40 66
40 72
40 78
40 80
40 83
40 84
40 85
40 89
40 90
40 95
40 96
40 97
41 48
41 49
41 73
41 77
41 83
41 85
41 88
41 95
41 96
41 97
42 43
42 46
42 50
42 62
42 67
42 71
42 75
42 89
42 93
42 98
42 100
43 45
43 51
43 56
43 59
43 62
43 64
43 79
43 86
43 100
44 46
44 47
44 66
44 73
44 78
44 79
44 84
44 90
44 97
45 52
45 57
45 63
45 74
45 75
45 79
45 83
45 85
45 87
45 94
46 53
46 54
46 56
46 61
46 67
46 68
46 70
46 71
46 73
46 78
46 85
46 86
46 90
46 96
47 50
47 51
47 55
47 58
47 63
47 64
47 66
47 67
47 69
47 70
47 84
47 87
47 96
48 55
48 56
48 62
48 72
48 77
48 79
49 51
49 54
49 63
49 87
49 88
49 94
49 96
50 54
50 64
50 76
50 84
50 90
50 96
51 53
51 57
51 59
51 69
51 79
51 82
51 83
51 87
51 90
51 95
52 55
52 56
52 58
52 61
52 68
52 69
52 70
52 76
52 78
52 79
52 81
52 86
52 88
52 90
52 91
52 98
53 54
53 60
53 71
53 73
53 76
53 80
53 92
53 98
54 55
54 62
54 65
54 67
54 73
54 74
54 77
55 61
55 63
55 69
55 74
55 75
55 84
55 90
55 96
55 99
56 67
56 68
56 71
56 76
56 77
56 84
56 88
56 90
56 95
57 68
57 79
57 84
57 85
57 88
57 92
57 97
57 99
58 60
58 64
58 65
58 69
58 72
58 74
58 79
58 86
58 89
58 90
58 91
58 94
58 99
59 62
59 70
59 73
59 74
59 81
59 83
59 98
60 61
60 62
60 73
60 77
60 78
60 84
60 90
60 91
60 94
61 63
61 65
61 70
61 75
61 81
61 82
61 84
61 88
61 91
61 95
62 64
62 70
62 75
62 76
62 79
62 81
62 83
62 85
62 91
62 92
62 95
63 83
63 84
63 93
63 94
63 95
64 71
64 74
64 77
64 78
64 82
64 86
64 96
65 67
65 70
65 75
65 84
65 86
65 92
65 95
65 96
66 70
66 72
66 73
66 87
66 95
67 72
67 75
67 79
67 90
67 96
68 72
68 78
68 79
68 83
68 97
68 98
68 99
68 100
69 75
69 76
69 77
69 84
69 95
69 97
70 76
70 81
70 88
71 72
71 74
71 75
71 83
71 85
71 91
71 99
72 75
72 76
72 82
72 90
72 96
72 98
72 99
73 74
73 75
73 78
73 85
73 86
73 87
73 94
74 75
74 87
74 99
75 76
75 81
75 84
75 85
75 94
75 98
76 83
76 90
76 96
76 97
76 99
77 80
77 84
77 85
77 87
77 88
77 91
77 99
78 84
78 87
78 90
78 97
78 100
79 89
79 94
79 97
79 98
80 81
80 82
80 85
80 95
80 97
80 99
80 100
81 82
81 87
81 91
81 100
82 85
82 90
82 91
82 100
83 84
83 87
83 88
84 96
85 91
85 93
85 96
85 97
86 89
86 97
88 89
88 90
88 96
88 99
89 91
91 94
91 97
91 98
91 99
91 100
92 95
92 98
96 97
96 99
96 100
97 100
